Model Probabilitas per Kelas:
0.700 0.222 0.038 0.040 
Model Probabilitas Keseluruhan:
       unacc   acc vgood  good | unacc   acc vgood  good | unacc   acc vgood  good | unacc   acc vgood  good | 
  satu 0.298 0.188 0.000 0.000 | 0.268 0.281 0.000 0.000 | 0.221 0.299 0.400 0.333 | 0.213 0.232 0.600 0.667 | 

   dua 0.298 0.188 0.000 0.000 | 0.260 0.273 0.200 0.000 | 0.221 0.299 0.400 0.333 | 0.221 0.240 0.400 0.667 | 

  tiga 0.269 0.211 0.154 0.217 | 0.248 0.258 0.231 0.261 | 0.241 0.266 0.308 0.261 | 0.241 0.266 0.308 0.261 | 

 empat 0.476 0.000 0.000 0.000 | 0.258 0.516 0.462 0.522 | 0.266 0.484 0.538 0.478 | 

  lima 0.372 0.273 0.000 0.304 | 0.324 0.352 0.385 0.348 | 0.304 0.375 0.615 0.348 | 

  enam 0.476 0.000 0.000 0.000 | 0.295 0.469 0.000 0.565 | 0.229 0.531 1.000 0.435 | 

Akurasi Model Probabilitas:
87.38426%
            unacc     acc   vgood    good
    unacc    1161      47       0       2
      acc      85     289       0      10
    vgood       0      26      39       0
     good       0      46       2      21

